4294967278,46
4294967279,206
4294967278,393
4294967278,392
4294967278,275
4294967278,274
4294967279,204
4294967279,442
4294967279,2
4294967279,88
4294967279,203
4294967278,311
4294967279,200
4294967279,296
4294967279,199
4294967278,34
4294967278,41
4294967278,191
4294967279,305
4294967278,361
4294967278,39
4294967278,294
4294967279,279
4294967278,147
4294967278,146
4294967279,146
4294967278,145
4294967279,144
4294967278,142
4294967278,141
4294967279,141
4294967278,140
4294967279,140
4294967278,139
4294967279,139
4294967279,138
4294967279,265
4294967278,136
4294967279,136
4294967278,135
4294967279,135
4294967278,134
4294967279,257
4294967278,248
4294967279,245
4294967278,132
4294967278,131
4294967278,130
4294967278,129
4294967278,128
4294967278,127
4294967278,126
4294967278,125
4294967278,124
4294967278,123
4294967278,122
4294967278,121
4294967278,120
4294967278,119
4294967278,118
4294967278,117
4294967278,116
4294967278,115
4294967278,114
4294967278,113
4294967278,112
4294967278,111
4294967278,110
4294967278,109
4294967278,108
4294967278,107
4294967278,106
4294967278,105
4294967278,104
4294967278,103
4294967278,102
4294967278,101
4294967278,100
4294967278,99
4294967278,98
4294967278,97
4294967278,96
4294967278,95
4294967278,94
4294967278,93
4294967278,92
4294967278,91
4294967278,90
4294967278,89
4294967278,87
4294967278,86
4294967278,85
4294967278,84
4294967278,83
4294967278,82
4294967278,81
4294967278,80
4294967278,79
4294967278,78
4294967278,77
4294967278,76
4294967278,75
4294967278,74
4294967278,73
4294967278,72
4294967278,71
4294967278,70
4294967278,69
4294967278,62
4294967278,61
4294967278,60
4294967278,59
4294967278,52
4294967278,51
4294967278,314
4294967278,49
4294967278,45
4294967278,43
4294967278,40
4294967278,188
4294967278,38
4294967278,37
4294967278,179
4294967278,36
4294967278,35
4294967278,33
4294967278,32
4294967278,31
4294967278,23
4294967278,19
4294967278,18
4294967278,17
4294967278,16
4294967278,0
4294967278,13
4294967278,12
4294967278,11
4294967278,10
4294967278,8
4294967278,6
4294967279,132
4294967279,122
4294967279,176
4294967279,119
4294967279,118
4294967279,117
4294967279,116
4294967279,109
4294967279,103
4294967279,102
4294967279,99
4294967279,98
4294967279,97
4294967279,90
4294967279,89
4294967279,87
4294967279,85
4294967279,84
4294967279,83
4294967279,76
4294967279,75
4294967279,74
4294967279,67
4294967279,63
4294967279,62
4294967279,61
4294967279,60
4294967279,59
4294967279,58
4294967279,57
4294967279,437
4294967279,51
4294967279,50
4294967279,270
4294967279,49
4294967279,46
4294967279,44
4294967279,43
4294967279,174
4294967279,40
4294967279,39
4294967279,38
4294967279,37
4294967279,376
4294967279,36
4294967279,35
4294967279,34
4294967279,171
4294967279,33
4294967279,32
4294967279,31
4294967279,29
4294967279,27
4294967279,24
4294967279,372
4294967279,23
4294967279,22
4294967279,21
4294967279,12
4294967279,9
4294967279,7
4294967279,407
4294967278,436
4294967294,30
4294967294,1685
4294967294,1684
4294967294,1682
4294967294,1681
4294967294,1676
4294967294,1665
4294967294,1614
4294967294,1612
4294967294,1611
4294967294,1610
4294967294,446
4294967294,60
4294967294,12
4294967278,368
4294967279,345
4294967278,356
1025,6
1025,5
1025,4
4294967278,192
1025,3
1025,2
1025,1
4294967279,327
4294967278,184
4294967278,180
4294967278,327
4294967279,322
4294967294,523
4294967278,365
4294967279,172
4294967279,271
4294967278,391
4294967279,319
1022,6
1022,5
1022,4
1022,3
1022,2
1022,1
4294967279,403
4294967294,99
4294967294,1240
4294967294,414
4294967294,453
4294967294,420
4294967294,163
4294967294,173
4294967294,82
4294967294,81
4294967294,50
4294967279,396
4294967279,198
4294967279,0
4294967294,36
4294967294,39
1019,5
1019,4
1019,3
1019,2
1019,1
4294967278,339
4294967294,875
4294967294,632
4294967278,22
4294967278,277
4294967278,316
1017,6
4294967294,400
4294967294,641
4294967278,390
4294967278,20
4294967279,178
1017,5
4294967294,666
4294967294,651
4294967294,689
4294967279,18
4294967279,313
4294967294,0
4294967278,262
4294967279,17
4294967279,371
4294967279,15
4294967278,258
4294967279,256
4294967278,257
4294967279,255
1017,4
1017,3
1017,2
1017,1
4294967279,252
4294967278,253
4294967279,251
4294967278,387
4294967279,394
4294967278,389
4294967278,247
4294967279,247
4294967279,367
4294967278,209
4294967279,246
1015,6
4294967294,892
4294967294,886
4294967294,634
1015,5
4294967294,391
1015,4
1015,3
1015,2
1015,1
4294967278,287
4294967294,671
4294967294,582
4294967294,175
4294967294,108
4294967294,527
4294967294,112
4294967279,288
4294967278,166
1014,5
1014,4
1014,3
1014,2
1014,1
4294967279,233
4294967278,164
4294967279,426
4294967279,228
1013,5
1013,4
1013,3
1013,2
1013,1
4294967279,197
4294967279,168
1012,5
1012,4
1012,3
1012,2
1012,1
4294967278,285
4294967279,438
4294967278,428
4294967278,345
4294967279,361
4294967294,68
4294967294,11
4294967294,517
4294967278,385
4294967279,433
4294967278,304
4294967279,196
4294967278,384
4294967294,46
4294967294,115
4294967278,357
4294967279,439
4294967278,373
4294967279,431
4294967278,201
0,5
4294967294,17
4294967294,42
4294967294,76
4294967294,41
4294967279,446
4294967278,312
4294967279,418
4294967279,194
4294967294,22
4294967279,445
4294967294,403
4294967278,315
4294967279,189
4294967278,251
4294967279,360
4294967294,2
4294967294,1
4294967278,279
4294967278,300
4294967279,406
4294967294,5
4294967294,45
4294967294,67
4294967294,96
4294967294,94
4294967294,29
4294967294,28
4294967278,250
4294967294,93
4294967294,95
4294967278,278
4294967279,357
4294967294,524
4294967294,51
4294967294,52
4294967294,460
4294967294,92
4294967294,91
4294967294,90
4294967294,88
4294967294,87
4294967294,86
4294967294,85
4294967294,84
4294967294,1241
4294967294,83
4294967294,187
4294967294,1626
4294967294,1625
4294967294,1621
4294967294,53
4294967294,518
4294967294,44
4294967294,655
4294967294,657
4294967294,43
4294967278,182
4294967294,9
4294967294,8
4294967278,298
4294967279,275
4294967279,356
4294967279,193
4294967279,173
4294967278,325
4294967279,320
4294967294,633
4294967279,169
4294967294,672
4294967294,27
4294967294,25
4294967294,656
4294967294,26
4294967294,7
